Ma trận tính độ tương gự - sách:
book_id       17        18        19        20        21        22        23        24        25        26        27        28        29        30        31        32        33        34        35        36        37        38        39        40        41        42        43        44        45        46        47        48        49        50        51        52        53        54        55        56        57        58        59        60        61        62        63        64        65        66        67        68        69        70        71        72        73        74        75        76        77        78        79        80        81        82        83        84        85        86        87        88        89        90        91        92        93        94        95        96        97        98        99        100       101       102       103       104       105       106       107       108       109       110       111       112       113       114       115       116       117       118       119       120       121       122       123       124       125       126       127       128       129       130       131       132       133       134       135       136       137       138       139       140       141       142       143       144       145       146       147       148       149       150       151       152       153       154       155       156       157       158       159       160       161       162       163       164       165       166
book_id                                                                                                                                                                                                                                                                                                                                                                                                                                                                                                                                                                                                                                                                                                                                                                                                                                                                                                                                                                                                                                                                                                                                                                                                                                                                                                                                                                                                                                                                                                                                                            
17       1.000000  0.700140  0.480384  0.500000  0.640513  0.666667  0.721688  0.721688  0.670820  0.609272  0.577350  0.745356  0.583333  0.666667  0.583333  0.670820  0.500000  0.640513  0.694365  0.617213  0.596285  0.745356  0.540062  0.833333  0.583333  0.800641  0.596285  0.617213  0.649519  0.577350  0.500000  0.700140  0.596285  0.771517  0.670820  0.596285  0.700140  0.617213  0.480384  0.793857  0.522233  0.745356  0.666667  0.649519  0.694365  0.617213  0.540062  0.670820  0.596285  0.721688  0.000000  0.000000  0.000000  0.000000  0.000000  0.000000  0.000000  0.000000  0.000000  0.000000  0.000000  0.000000  0.000000  0.000000  0.000000  0.000000  0.000000  0.000000  0.000000  0.000000  0.000000  0.000000  0.000000  0.000000  0.000000  0.000000  0.000000  0.000000  0.000000  0.000000  0.000000  0.000000  0.000000  0.000000  0.000000  0.000000  0.000000  0.000000  0.000000  0.000000  0.000000  0.000000  0.000000  0.000000  0.000000  0.000000  0.000000  0.000000  0.000000  0.000000  0.000000  0.000000  0.000000  0.000000  0.000000  0.000000  0.000000  0.000000  0.000000  0.000000  0.000000  0.000000  0.000000  0.000000  0.000000  0.000000  0.000000  0.000000  0.000000  0.000000  0.000000  0.000000  0.000000  0.000000  0.000000  0.000000  0.000000  0.000000  0.000000  0.000000  0.000000  0.000000  0.000000  0.000000  0.000000  0.000000  0.000000  0.000000  0.000000  0.000000  0.000000  0.000000  0.000000  0.000000  0.000000  0.000000  0.000000  0.000000  0.000000  0.000000
18       0.700140  1.000000  0.739940  0.770154  0.739940  0.770154  0.848875  0.909509  0.751469  0.731272  0.727607  0.814092  0.700140  0.700140  0.770154  0.751469  0.630126  0.672673  0.713024  0.713024  0.814092  0.751469  0.777844  0.700140  0.630126  0.739940  0.814092  0.842665  0.848875  0.788241  0.840168  0.941176  0.814092  0.713024  0.751469  0.814092  0.882353  0.777844  0.739940  0.788241  0.731272  0.814092  0.630126  0.788241  0.713024  0.777844  0.713024  0.751469  0.751469  0.848875  0.000000  0.000000  0.000000  0.000000  0.000000  0.000000  0.000000  0.000000  0.000000  0.000000  0.000000  0.000000  0.000000  0.000000  0.000000  0.000000  0.000000  0.000000  0.000000  0.000000  0.000000  0.000000  0.000000  0.000000  0.000000  0.000000  0.000000  0.000000  0.000000  0.000000  0.000000  0.000000  0.000000  0.000000  0.000000  0.000000  0.000000  0.000000  0.000000  0.000000  0.000000  0.000000  0.000000  0.000000  0.000000  0.000000  0.000000  0.000000  0.000000  0.000000  0.000000  0.000000  0.000000  0.000000  0.000000  0.000000  0.000000  0.000000  0.000000  0.000000  0.000000  0.000000  0.000000  0.000000  0.000000  0.000000  0.000000  0.000000  0.000000  0.000000  0.000000  0.000000  0.000000  0.000000  0.000000  0.000000  0.000000  0.000000  0.000000  0.000000  0.000000  0.000000  0.000000  0.000000  0.000000  0.000000  0.000000  0.000000  0.000000  0.000000  0.000000  0.000000  0.000000  0.000000  0.000000  0.000000  0.000000  0.000000  0.000000  0.000000
19       0.480384  0.739940  1.000000  0.640513  0.615385  0.640513  0.693375  0.693375  0.572892  0.585369  0.554700  0.644503  0.640513  0.640513  0.480384  0.644503  0.640513  0.615385  0.518875  0.667124  0.644503  0.572892  0.741249  0.560449  0.400320  0.538462  0.716115  0.667124  0.624038  0.693375  0.640513  0.739940  0.716115  0.518875  0.572892  0.644503  0.672673  0.667124  0.538462  0.624038  0.501745  0.644503  0.400320  0.624038  0.592999  0.518875  0.592999  0.787726  0.644503  0.624038  0.000000  0.000000  0.000000  0.000000  0.000000  0.000000  0.000000  0.000000  0.000000  0.000000  0.000000  0.000000  0.000000  0.000000  0.000000  0.000000  0.000000  0.000000  0.000000  0.000000  0.000000  0.000000  0.000000  0.000000  0.000000  0.000000  0.000000  0.000000  0.000000  0.000000  0.000000  0.000000  0.000000  0.000000  0.000000  0.000000  0.000000  0.000000  0.000000  0.000000  0.000000  0.000000  0.000000  0.000000  0.000000  0.000000  0.000000  0.000000  0.000000  0.000000  0.080064  0.074125  0.071611  0.074125  0.000000  0.069338  0.071611  0.069338  0.000000  0.000000  0.074125  0.000000  0.000000  0.074125  0.074125  0.065372  0.067267  0.080064  0.000000  0.063628  0.063628  0.000000  0.065372  0.067267  0.000000  0.000000  0.069338  0.000000  0.063628  0.069338  0.076923  0.074125  0.074125  0.080064  0.000000  0.000000  0.092450  0.069338  0.071611  0.000000  0.071611  0.074125  0.000000  0.000000  0.087706  0.069338  0.067267  0.067267  0.074125  0.067267
20       0.500000  0.770154  0.640513  1.000000  0.560449  0.500000  0.793857  0.649519  0.670820  0.696311  0.577350  0.670820  0.750000  0.666667  0.750000  0.596285  0.750000  0.400320  0.617213  0.617213  0.670820  0.596285  0.771517  0.500000  0.500000  0.560449  0.670820  0.540062  0.721688  0.649519  0.666667  0.700140  0.670820  0.617213  0.596285  0.745356  0.770154  0.694365  0.720577  0.649519  0.522233  0.596285  0.500000  0.721688  0.617213  0.694365  0.617213  0.521749  0.745356  0.649519  0.000000  0.000000  0.000000  0.000000  0.000000  0.000000  0.000000  0.000000  0.000000  0.000000  0.000000  0.000000  0.000000  0.000000  0.000000  0.000000  0.000000  0.000000  0.000000  0.000000  0.000000  0.000000  0.000000  0.000000  0.000000  0.000000  0.000000  0.000000  0.000000  0.000000  0.000000  0.000000  0.000000  0.000000  0.000000  0.000000  0.000000  0.000000  0.000000  0.000000  0.000000  0.000000  0.000000  0.000000  0.000000  0.000000  0.000000  0.000000  0.000000  0.000000  0.000000  0.000000  0.000000  0.000000  0.000000  0.000000  0.000000  0.000000  0.000000  0.000000  0.000000  0.000000  0.000000  0.000000  0.000000  0.000000  0.000000  0.000000  0.000000  0.000000  0.000000  0.000000  0.000000  0.000000  0.000000  0.000000  0.000000  0.000000  0.000000  0.000000  0.000000  0.000000  0.000000  0.000000  0.000000  0.000000  0.000000  0.000000  0.000000  0.000000  0.000000  0.000000  0.000000  0.000000  0.000000  0.000000  0.000000  0.000000  0.000000  0.000000
21       0.640513  0.739940  0.615385  0.560449  1.000000  0.800641  0.624038  0.762713  0.716115  0.501745  0.554700  0.644503  0.720577  0.720577  0.560449  0.644503  0.560449  0.615385  0.667124  0.815374  0.572892  0.572892  0.667124  0.640513  0.640513  0.692308  0.644503  0.592999  0.693375  0.762713  0.560449  0.739940  0.716115  0.592999  0.644503  0.644503  0.807207  0.667124  0.615385  0.693375  0.585369  0.787726  0.560449  0.762713  0.815374  0.518875  0.741249  0.787726  0.716115  0.762713  0.000000  0.000000  0.000000  0.000000  0.000000  0.000000  0.000000  0.000000  0.000000  0.000000  0.000000  0.000000  0.000000  0.000000  0.000000  0.000000  0.000000  0.000000  0.000000  0.000000  0.000000  0.000000  0.000000  0.000000  0.000000  0.000000  0.000000  0.000000  0.000000  0.000000  0.000000  0.000000  0.000000  0.000000  0.000000  0.000000  0.000000  0.000000  0.000000  0.000000  0.000000  0.000000  0.000000  0.000000  0.000000  0.000000  0.000000  0.000000  0.000000  0.000000  0.000000  0.000000  0.000000  0.000000  0.000000  0.000000  0.000000  0.000000  0.000000  0.000000  0.000000  0.000000  0.000000  0.000000  0.000000  0.000000  0.000000  0.000000  0.000000  0.000000  0.000000  0.000000  0.000000  0.000000  0.000000  0.000000  0.000000  0.000000  0.000000  0.000000  0.000000  0.000000  0.000000  0.000000  0.000000  0.000000  0.000000  0.000000  0.000000  0.000000  0.000000  0.000000  0.000000  0.000000  0.000000  0.000000  0.000000  0.000000  0.000000  0.000000
22       0.666667  0.770154  0.640513  0.500000  0.800641  1.000000  0.649519  0.793857  0.596285  0.435194  0.577350  0.670820  0.750000  0.666667  0.666667  0.521749  0.500000  0.640513  0.694365  0.694365  0.745356  0.670820  0.540062  0.583333  0.500000  0.720577  0.521749  0.694365  0.577350  0.649519  0.500000  0.840168  0.596285  0.617213  0.670820  0.596285  0.840168  0.617213  0.400320  0.649519  0.696311  0.745356  0.500000  0.649519  0.694365  0.462910  0.617213  0.745356  0.670820  0.721688  0.000000  0.000000  0.000000  0.000000  0.000000  0.000000  0.000000  0.000000  0.000000  0.000000  0.000000  0.000000  0.000000  0.000000  0.000000  0.000000  0.000000  0.000000  0.000000  0.000000  0.000000  0.000000  0.000000  0.000000  0.000000  0.000000  0.000000  0.000000  0.000000  0.000000  0.000000  0.000000  0.000000  0.000000  0.000000  0.000000  0.000000  0.000000  0.000000  0.000000  0.000000  0.000000  0.000000  0.000000  0.000000  0.000000  0.000000  0.000000  0.000000  0.000000  0.000000  0.000000  0.000000  0.000000  0.000000  0.000000  0.000000  0.000000  0.000000  0.000000  0.000000  0.000000  0.000000  0.000000  0.000000  0.000000  0.000000  0.000000  0.000000  0.000000  0.000000  0.000000  0.000000  0.000000  0.000000  0.000000  0.000000  0.000000  0.000000  0.000000  0.000000  0.000000  0.000000  0.000000  0.000000  0.000000  0.000000  0.000000  0.000000  0.000000  0.000000  0.000000  0.000000  0.000000  0.000000  0.000000  0.000000  0.000000  0.000000  0.000000
23       0.721688  0.848875  0.693375  0.793857  0.624038  0.649519  1.000000  0.812500  0.774597  0.678401  0.750000  0.774597  0.721688  0.721688  0.793857  0.774597  0.721688  0.693375  0.668153  0.734968  0.839146  0.710047  0.734968  0.649519  0.649519  0.693375  0.774597  0.801784  0.812500  0.750000  0.793857  0.848875  0.710047  0.668153  0.710047  0.774597  0.848875  0.801784  0.762713  0.750000  0.753778  0.710047  0.649519  0.750000  0.668153  0.734968  0.801784  0.774597  0.710047  0.750000  0.000000  0.000000  0.000000  0.000000  0.000000  0.000000  0.000000  0.000000  0.000000  0.000000  0.000000  0.000000  0.000000  0.000000  0.000000  0.000000  0.000000  0.000000  0.000000  0.000000  0.000000  0.000000  0.000000  0.000000  0.000000  0.000000  0.000000  0.000000  0.000000  0.000000  0.000000  0.000000  0.000000  0.000000  0.000000  0.000000  0.000000  0.000000  0.000000  0.000000  0.000000  0.000000  0.000000  0.000000  0.000000  0.000000  0.000000  0.000000  0.000000  0.000000  0.000000  0.000000  0.000000  0.000000  0.000000  0.000000  0.000000  0.000000  0.000000  0.000000  0.000000  0.000000  0.000000  0.000000  0.000000  0.000000  0.000000  0.000000  0.000000  0.000000  0.000000  0.000000  0.000000  0.000000  0.000000  0.000000  0.000000  0.000000  0.000000  0.000000  0.000000  0.000000  0.000000  0.000000  0.000000  0.000000  0.000000  0.000000  0.000000  0.000000  0.000000  0.000000  0.000000  0.000000  0.000000  0.000000  0.000000  0.000000  0.000000  0.000000
24       0.721688  0.909509  0.693375  0.649519  0.762713  0.793857  0.812500  1.000000  0.710047  0.678401  0.750000  0.710047  0.649519  0.649519  0.649519  0.710047  0.649519  0.762713  0.801784  0.734968  0.774597  0.710047  0.668153  0.793857  0.649519  0.762713  0.774597  0.801784  0.750000  0.750000  0.793857  0.909509  0.710047  0.668153  0.710047  0.774597  0.848875  0.734968  0.693375  0.812500  0.753778  0.839146  0.649519  0.750000  0.734968  0.734968  0.668153  0.774597  0.710047  0.812500  0.000000  0.000000  0.000000  0.000000  0.000000  0.000000  0.000000  0.000000  0.000000  0.000000  0.000000  0.000000  0.000000  0.000000  0.000000  0.000000  0.000000  0.000000  0.000000  0.000000  0.000000  0.000000  0.000000  0.000000  0.000000  0.000000  0.000000  0.000000  0.000000  0.000000  0.000000  0.000000  0.000000  0.000000  0.000000  0.000000  0.000000  0.000000  0.000000  0.000000  0.000000  0.000000  0.000000  0.000000  0.000000  0.000000  0.000000  0.000000  0.000000  0.000000  0.000000  0.000000  0.000000  0.000000  0.000000  0.000000  0.000000  0.000000  0.000000  0.000000  0.000000  0.000000  0.000000  0.000000  0.000000  0.000000  0.000000  0.000000  0.000000  0.000000  0.000000  0.000000  0.000000  0.000000  0.000000  0.000000  0.000000  0.000000  0.000000  0.000000  0.000000  0.000000  0.000000  0.000000  0.000000  0.000000  0.000000  0.000000  0.000000  0.000000  0.000000  0.000000  0.000000  0.000000  0.000000  0.000000  0.000000  0.000000  0.000000  0.000000
25       0.670820  0.751469  0.572892  0.670820  0.716115  0.596285  0.774597  0.710047  1.000000  0.544949  0.645497  0.666667  0.670820  0.745356  0.670820  0.666667  0.670820  0.644503  0.621059  0.621059  0.733333  0.666667  0.621059  0.521749  0.745356  0.716115  0.666667  0.621059  0.774597  0.774597  0.670820  0.751469  0.666667  0.621059  0.600000  0.666667  0.688847  0.621059  0.787726  0.645497  0.778499  0.666667  0.670820  0.710047  0.621059  0.621059  0.690066  0.666667  0.600000  0.710047  0.000000  0.000000  0.000000  0.000000  0.000000  0.000000  0.000000  0.000000  0.000000  0.000000  0.000000  0.000000  0.000000  0.000000  0.000000  0.000000  0.000000  0.000000  0.000000  0.000000  0.000000  0.000000  0.000000  0.000000  0.000000  0.000000  0.000000  0.000000  0.000000  0.000000  0.000000  0.000000  0.000000  0.000000  0.000000  0.000000  0.000000  0.000000  0.000000  0.000000  0.000000  0.000000  0.000000  0.000000  0.000000  0.000000  0.000000  0.000000  0.000000  0.000000  0.074536  0.069007  0.066667  0.069007  0.000000  0.064550  0.066667  0.064550  0.000000  0.000000  0.069007  0.000000  0.000000  0.069007  0.069007  0.060858  0.062622  0.074536  0.000000  0.059235  0.059235  0.000000  0.060858  0.062622  0.000000  0.000000  0.064550  0.000000  0.059235  0.064550  0.071611  0.069007  0.069007  0.074536  0.000000  0.000000  0.086066  0.064550  0.066667  0.000000  0.066667  0.069007  0.000000  0.000000  0.081650  0.064550  0.062622  0.062622  0.069007  0.062622
26       0.609272  0.731272  0.585369  0.696311  0.501745  0.435194  0.678401  0.678401  0.544949  1.000000  0.603023  0.700649  0.522233  0.435194  0.609272  0.700649  0.522233  0.501745  0.564076  0.402911  0.622799  0.700649  0.564076  0.609272  0.522233  0.668994  0.622799  0.564076  0.829156  0.603023  0.609272  0.658145  0.778499  0.725241  0.622799  0.622799  0.658145  0.564076  0.585369  0.829156  0.454545  0.622799  0.609272  0.603023  0.644658  0.725241  0.483494  0.622799  0.622799  0.603023  0.000000  0.000000  0.000000  0.000000  0.000000  0.000000  0.000000  0.000000  0.000000  0.000000  0.000000  0.000000  0.000000  0.000000  0.000000  0.000000  0.000000  0.000000  0.000000  0.000000  0.000000  0.000000  0.000000  0.000000  0.000000  0.000000  0.000000  0.000000  0.000000  0.000000  0.000000  0.000000  0.000000  0.000000  0.000000  0.000000  0.000000  0.000000  0.000000  0.000000  0.000000  0.000000  0.000000  0.000000  0.000000  0.000000  0.000000  0.000000  0.000000  0.000000  0.000000  0.000000  0.000000  0.000000  0.000000  0.000000  0.000000  0.000000  0.000000  0.000000  0.000000  0.000000  0.000000  0.000000  0.000000  0.000000  0.000000  0.000000  0.000000  0.000000  0.000000  0.000000  0.000000  0.000000  0.000000  0.000000  0.000000  0.000000  0.000000  0.000000  0.000000  0.000000  0.000000  0.000000  0.000000  0.000000  0.000000  0.000000  0.000000  0.000000  0.000000  0.000000  0.000000  0.000000  0.000000  0.000000  0.000000  0.000000  0.000000  0.000000
27       0.577350  0.727607  0.554700  0.577350  0.554700  0.577350  0.750000  0.750000  0.645497  0.603023  1.000000  0.774597  0.505181  0.505181  0.649519  0.710047  0.721688  0.693375  0.668153  0.668153  0.839146  0.839146  0.601338  0.649519  0.793857  0.624038  0.774597  0.734968  0.750000  0.750000  0.649519  0.788241  0.710047  0.734968  0.774597  0.774597  0.727607  0.668153  0.693375  0.812500  0.678401  0.645497  0.649519  0.750000  0.734968  0.868599  0.668153  0.710047  0.645497  0.687500  0.062500  0.066815  0.060634  0.066815  0.060634  0.057354  0.064550  0.069338  0.064550  0.062500  0.066815  0.062500  0.062500  0.000000  0.064550  0.069338  0.062500  0.000000  0.079057  0.072169  0.069338  0.064550  0.060634  0.000000  0.075378  0.000000  0.000000  0.066815  0.075378  0.069338  0.069338  0.000000  0.064550  0.000000  0.066815  0.064550  0.069338  0.000000  0.060634  0.000000  0.000000  0.000000  0.075378  0.072169  0.066815  0.000000  0.000000  0.000000  0.060634  0.066815  0.000000  0.000000  0.000000  0.000000  0.000000  0.000000  0.000000  0.000000  0.000000  0.000000  0.000000  0.000000  0.000000  0.000000  0.000000  0.000000  0.000000  0.000000  0.000000  0.000000  0.000000  0.000000  0.000000  0.000000  0.000000  0.000000  0.000000  0.000000  0.000000  0.000000  0.000000  0.000000  0.000000  0.000000  0.000000  0.000000  0.000000  0.000000  0.000000  0.000000  0.000000  0.000000  0.000000  0.000000  0.000000  0.000000  0.000000  0.000000  0.000000  0.000000
28       0.745356  0.814092  0.644503  0.670820  0.644503  0.670820  0.774597  0.710047  0.666667  0.700649  0.774597  1.000000  0.670820  0.596285  0.745356  0.733333  0.670820  0.644503  0.621059  0.690066  0.733333  0.800000  0.690066  0.670820  0.670820  0.644503  0.733333  0.690066  0.839146  0.774597  0.596285  0.814092  0.800000  0.759072  0.800000  0.733333  0.814092  0.690066  0.716115  0.774597  0.622799  0.666667  0.745356  0.774597  0.759072  0.759072  0.621059  0.733333  0.666667  0.774597  0.000000  0.000000  0.000000  0.000000  0.000000  0.000000  0.000000  0.000000  0.000000  0.000000  0.000000  0.000000  0.000000  0.000000  0.000000  0.000000  0.000000  0.000000  0.000000  0.000000  0.000000  0.000000  0.000000  0.000000  0.000000  0.000000  0.000000  0.000000  0.000000  0.000000  0.000000  0.000000  0.000000  0.000000  0.000000  0.000000  0.000000  0.000000  0.000000  0.000000  0.000000  0.000000  0.000000  0.000000  0.000000  0.000000  0.000000  0.000000  0.000000  0.000000  0.000000  0.000000  0.000000  0.000000  0.000000  0.000000  0.000000  0.000000  0.000000  0.000000  0.000000  0.000000  0.000000  0.000000  0.000000  0.000000  0.000000  0.000000  0.000000  0.000000  0.000000  0.000000  0.000000  0.000000  0.000000  0.000000  0.000000  0.000000  0.000000  0.000000  0.000000  0.000000  0.000000  0.000000  0.000000  0.000000  0.000000  0.000000  0.000000  0.000000  0.000000  0.000000  0.000000  0.000000  0.000000  0.000000  0.000000  0.000000  0.000000  0.000000
29       0.583333  0.700140  0.640513  0.750000  0.720577  0.750000  0.721688  0.649519  0.670820  0.522233  0.505181  0.670820  1.000000  0.833333  0.750000  0.596285  0.666667  0.480384  0.617213  0.771517  0.670820  0.596285  0.694365  0.500000  0.583333  0.640513  0.596285  0.540062  0.649519  0.649519  0.500000  0.700140  0.670820  0.694365  0.596285  0.596285  0.840168  0.540062  0.560449  0.577350  0.609272  0.596285  0.666667  0.721688  0.694365  0.462910  0.617213  0.596285  0.745356  0.721688  0.000000  0.000000  0.000000  0.000000  0.000000  0.000000  0.000000  0.000000  0.000000  0.000000  0.000000  0.000000  0.000000  0.000000  0.000000  0.000000  0.000000  0.000000  0.000000  0.000000  0.000000  0.000000  0.000000  0.000000  0.000000  0.000000  0.000000  0.000000  0.000000  0.000000  0.000000  0.000000  0.000000  0.000000  0.000000  0.000000  0.000000  0.000000  0.000000  0.000000  0.000000  0.000000  0.000000  0.000000  0.000000  0.000000  0.000000  0.000000  0.000000  0.000000  0.000000  0.000000  0.000000  0.000000  0.000000  0.000000  0.000000  0.000000  0.000000  0.000000  0.000000  0.000000  0.000000  0.000000  0.000000  0.000000  0.000000  0.000000  0.000000  0.000000  0.000000  0.000000  0.000000  0.000000  0.000000  0.000000  0.000000  0.000000  0.000000  0.000000  0.000000  0.000000  0.000000  0.000000  0.000000  0.000000  0.000000  0.000000  0.000000  0.000000  0.000000  0.000000  0.000000  0.000000  0.000000  0.000000  0.000000  0.000000  0.000000  0.000000
30       0.666667  0.700140  0.640513  0.666667  0.720577  0.666667  0.721688  0.649519  0.745356  0.435194  0.505181  0.596285  0.833333  1.000000  0.583333  0.670820  0.666667  0.560449  0.617213  0.771517  0.596285  0.596285  0.771517  0.583333  0.500000  0.720577  0.670820  0.617213  0.649519  0.649519  0.583333  0.700140  0.670820  0.617213  0.521749  0.596285  0.700140  0.617213  0.560449  0.577350  0.609272  0.670820  0.583333  0.721688  0.617213  0.462910  0.694365  0.670820  0.745356  0.721688  0.000000  0.000000  0.000000  0.000000  0.000000  0.000000  0.000000  0.000000  0.000000  0.000000  0.000000  0.000000  0.000000  0.000000  0.000000  0.000000  0.000000  0.000000  0.000000  0.000000  0.000000  0.000000  0.000000  0.000000  0.000000  0.000000  0.000000  0.000000  0.000000  0.000000  0.000000  0.000000  0.000000  0.000000  0.000000  0.000000  0.000000  0.000000  0.000000  0.000000  0.000000  0.000000  0.000000  0.000000  0.000000  0.000000  0.000000  0.000000  0.000000  0.000000  0.000000  0.000000  0.000000  0.000000  0.000000  0.000000  0.000000  0.000000  0.000000  0.000000  0.000000  0.000000  0.000000  0.000000  0.000000  0.000000  0.000000  0.000000  0.000000  0.000000  0.000000  0.000000  0.000000  0.000000  0.000000  0.000000  0.000000  0.000000  0.000000  0.000000  0.000000  0.000000  0.000000  0.000000  0.000000  0.000000  0.000000  0.000000  0.000000  0.000000  0.000000  0.000000  0.000000  0.000000  0.000000  0.000000  0.000000  0.000000  0.000000  0.000000
31       0.583333  0.770154  0.480384  0.750000  0.560449  0.666667  0.793857  0.649519  0.670820  0.609272  0.649519  0.745356  0.750000  0.583333  1.000000  0.521749  0.500000  0.480384  0.617213  0.617213  0.819892  0.670820  0.617213  0.416667  0.666667  0.640513  0.670820  0.617213  0.793857  0.577350  0.583333  0.700140  0.596285  0.694365  0.670820  0.670820  0.840168  0.694365  0.640513  0.649519  0.609272  0.521749  0.583333  0.649519  0.694365  0.694365  0.617213  0.521749  0.596285  0.649519  0.000000  0.000000  0.000000  0.000000  0.000000  0.000000  0.000000  0.000000  0.000000  0.000000  0.000000  0.000000  0.000000  0.000000  0.000000  0.000000  0.000000  0.000000  0.000000  0.000000  0.000000  0.000000  0.000000  0.000000  0.000000  0.000000  0.000000  0.000000  0.000000  0.000000  0.000000  0.000000  0.000000  0.000000  0.000000  0.000000  0.000000  0.000000  0.000000  0.000000  0.000000  0.000000  0.000000  0.000000  0.000000  0.000000  0.000000  0.000000  0.000000  0.000000  0.000000  0.000000  0.000000  0.000000  0.000000  0.000000  0.000000  0.000000  0.000000  0.000000  0.000000  0.000000  0.000000  0.000000  0.000000  0.000000  0.000000  0.000000  0.000000  0.000000  0.000000  0.000000  0.000000  0.000000  0.000000  0.000000  0.000000  0.000000  0.000000  0.000000  0.000000  0.000000  0.000000  0.000000  0.000000  0.000000  0.000000  0.000000  0.000000  0.000000  0.000000  0.000000  0.000000  0.000000  0.000000  0.000000  0.000000  0.000000  0.000000  0.000000
32       0.670820  0.751469  0.644503  0.596285  0.644503  0.521749  0.774597  0.710047  0.666667  0.700649  0.710047  0.733333  0.596285  0.670820  0.521749  1.000000  0.596285  0.787726  0.690066  0.690066  0.666667  0.733333  0.828079  0.745356  0.670820  0.572892  0.733333  0.759072  0.774597  0.839146  0.745356  0.751469  0.866667  0.759072  0.733333  0.666667  0.751469  0.759072  0.716115  0.774597  0.544949  0.733333  0.819892  0.839146  0.690066  0.690066  0.828079  0.800000  0.800000  0.839146  0.000000  0.000000  0.000000  0.000000  0.000000  0.000000  0.000000  0.000000  0.000000  0.000000  0.000000  0.000000  0.000000  0.000000  0.000000  0.000000  0.000000  0.000000  0.000000  0.000000  0.000000  0.000000  0.000000  0.000000  0.000000  0.000000  0.000000  0.000000  0.000000  0.000000  0.000000  0.000000  0.000000  0.000000  0.000000  0.000000  0.000000  0.000000  0.000000  0.000000  0.000000  0.000000  0.000000  0.000000  0.000000  0.000000  0.000000  0.000000  0.000000  0.000000  0.000000  0.000000  0.000000  0.000000  0.000000  0.000000  0.000000  0.000000  0.000000  0.000000  0.000000  0.000000  0.000000  0.000000  0.000000  0.000000  0.000000  0.000000  0.000000  0.000000  0.000000  0.000000  0.000000  0.000000  0.000000  0.000000  0.000000  0.000000  0.000000  0.000000  0.000000  0.000000  0.000000  0.000000  0.000000  0.000000  0.000000  0.000000  0.000000  0.000000  0.000000  0.000000  0.000000  0.000000  0.000000  0.000000  0.000000  0.000000  0.000000  0.000000
33       0.500000  0.630126  0.640513  0.750000  0.560449  0.500000  0.721688  0.649519  0.670820  0.522233  0.721688  0.670820  0.666667  0.666667  0.500000  0.596285  1.000000  0.560449  0.617213  0.694365  0.670820  0.670820  0.617213  0.583333  0.583333  0.640513  0.670820  0.540062  0.649519  0.721688  0.583333  0.700140  0.670820  0.617213  0.670820  0.819892  0.630126  0.540062  0.720577  0.649519  0.696311  0.670820  0.583333  0.649519  0.540062  0.694365  0.617213  0.670820  0.745356  0.649519  0.000000  0.000000  0.000000  0.000000  0.000000  0.000000  0.000000  0.000000  0.000000  0.000000  0.000000  0.000000  0.000000  0.000000  0.000000  0.000000  0.000000  0.000000  0.000000  0.000000  0.000000  0.000000  0.000000  0.000000  0.000000  0.000000  0.000000  0.000000  0.000000  0.000000  0.000000  0.000000  0.000000  0.000000  0.000000  0.000000  0.000000  0.000000  0.000000  0.000000  0.000000  0.000000  0.000000  0.000000  0.000000  0.000000  0.000000  0.000000  0.000000  0.000000  0.000000  0.000000  0.000000  0.000000  0.000000  0.000000  0.000000  0.000000  0.000000  0.000000  0.000000  0.000000  0.000000  0.000000  0.000000  0.000000  0.000000  0.000000  0.000000  0.000000  0.000000  0.000000  0.000000  0.000000  0.000000  0.000000  0.000000  0.000000  0.000000  0.000000  0.000000  0.000000  0.000000  0.000000  0.000000  0.000000  0.000000  0.000000  0.000000  0.000000  0.000000  0.000000  0.000000  0.000000  0.000000  0.000000  0.000000  0.000000  0.000000  0.000000
34       0.640513  0.672673  0.615385  0.400320  0.615385  0.640513  0.693375  0.762713  0.644503  0.501745  0.693375  0.644503  0.480384  0.560449  0.480384  0.787726  0.560449  1.000000  0.815374  0.667124  0.716115  0.716115  0.667124  0.640513  0.640513  0.615385  0.716115  0.741249  0.693375  0.832050  0.640513  0.739940  0.644503  0.592999  0.716115  0.644503  0.672673  0.741249  0.692308  0.693375  0.668994  0.716115  0.720577  0.693375  0.592999  0.592999  0.741249  0.859338  0.644503  0.693375  0.000000  0.000000  0.000000  0.000000  0.000000  0.000000  0.000000  0.000000  0.000000  0.000000  0.000000  0.000000  0.000000  0.000000  0.000000  0.000000  0.000000  0.000000  0.000000  0.000000  0.000000  0.000000  0.000000  0.000000  0.000000  0.000000  0.000000  0.000000  0.000000  0.000000  0.000000  0.000000  0.000000  0.000000  0.000000  0.000000  0.000000  0.000000  0.000000  0.000000  0.000000  0.000000  0.000000  0.000000  0.000000  0.000000  0.000000  0.000000  0.000000  0.000000  0.000000  0.000000  0.000000  0.000000  0.000000  0.000000  0.000000  0.000000  0.000000  0.000000  0.000000  0.000000  0.000000  0.000000  0.000000  0.000000  0.000000  0.000000  0.000000  0.000000  0.000000  0.000000  0.000000  0.000000  0.000000  0.000000  0.000000  0.000000  0.000000  0.000000  0.000000  0.000000  0.000000  0.000000  0.000000  0.000000  0.000000  0.000000  0.000000  0.000000  0.000000  0.000000  0.000000  0.000000  0.000000  0.000000  0.000000  0.000000  0.000000  0.000000
35       0.694365  0.713024  0.518875  0.617213  0.667124  0.694365  0.668153  0.801784  0.621059  0.564076  0.668153  0.621059  0.617213  0.617213  0.617213  0.690066  0.617213  0.815374  1.000000  0.714286  0.690066  0.759072  0.714286  0.694365  0.617213  0.741249  0.690066  0.642857  0.668153  0.734968  0.540062  0.713024  0.621059  0.714286  0.759072  0.759072  0.777844  0.785714  0.667124  0.801784  0.564076  0.828079  0.694365  0.801784  0.714286  0.714286  0.714286  0.690066  0.828079  0.734968  0.000000  0.000000  0.000000  0.000000  0.000000  0.000000  0.000000  0.000000  0.000000  0.000000  0.000000  0.000000  0.000000  0.000000  0.000000  0.000000  0.000000  0.000000  0.000000  0.000000  0.000000  0.000000  0.000000  0.000000  0.000000  0.000000  0.000000  0.000000  0.000000  0.000000  0.000000  0.000000  0.000000  0.000000  0.000000  0.000000  0.000000  0.000000  0.000000  0.000000  0.000000  0.000000  0.000000  0.000000  0.000000  0.000000  0.000000  0.000000  0.000000  0.000000  0.000000  0.000000  0.000000  0.000000  0.000000  0.000000  0.000000  0.000000  0.000000  0.000000  0.000000  0.000000  0.000000  0.000000  0.000000  0.000000  0.000000  0.000000  0.000000  0.000000  0.000000  0.000000  0.000000  0.000000  0.000000  0.000000  0.000000  0.000000  0.000000  0.000000  0.000000  0.000000  0.000000  0.000000  0.000000  0.000000  0.000000  0.000000  0.000000  0.000000  0.000000  0.000000  0.000000  0.000000  0.000000  0.000000  0.000000  0.000000  0.000000  0.000000
36       0.617213  0.713024  0.667124  0.617213  0.815374  0.694365  0.734968  0.734968  0.621059  0.402911  0.668153  0.690066  0.771517  0.771517  0.617213  0.690066  0.694365  0.667124  0.714286  1.000000  0.621059  0.621059  0.785714  0.694365  0.694365  0.592999  0.828079  0.642857  0.668153  0.734968  0.617213  0.713024  0.690066  0.642857  0.690066  0.759072  0.842665  0.714286  0.667124  0.668153  0.564076  0.690066  0.617213  0.801784  0.785714  0.642857  0.785714  0.759072  0.759072  0.734968  0.000000  0.000000  0.000000  0.000000  0.000000  0.000000  0.000000  0.000000  0.000000  0.000000  0.000000  0.000000  0.000000  0.000000  0.000000  0.000000  0.000000  0.000000  0.000000  0.000000  0.000000  0.000000  0.000000  0.000000  0.000000  0.000000  0.000000  0.000000  0.000000  0.000000  0.000000  0.000000  0.000000  0.000000  0.000000  0.000000  0.000000  0.000000  0.000000  0.000000  0.000000  0.000000  0.000000  0.000000  0.000000  0.000000  0.000000  0.000000  0.000000  0.000000  0.000000  0.000000  0.000000  0.000000  0.000000  0.000000  0.000000  0.000000  0.000000  0.000000  0.000000  0.000000  0.000000  0.000000  0.000000  0.000000  0.000000  0.000000  0.000000  0.000000  0.000000  0.000000  0.000000  0.000000  0.000000  0.000000  0.000000  0.000000  0.000000  0.000000  0.000000  0.000000  0.000000  0.000000  0.000000  0.000000  0.000000  0.000000  0.000000  0.000000  0.000000  0.000000  0.000000  0.000000  0.000000  0.000000  0.000000  0.000000  0.000000  0.000000
37       0.596285  0.814092  0.644503  0.670820  0.572892  0.745356  0.839146  0.774597  0.733333  0.622799  0.839146  0.733333  0.670820  0.596285  0.819892  0.666667  0.670820  0.716115  0.690066  0.621059  1.000000  0.866667  0.621059  0.521749  0.745356  0.716115  0.733333  0.828079  0.774597  0.774597  0.670820  0.876714  0.666667  0.759072  0.800000  0.733333  0.814092  0.690066  0.644503  0.774597  0.778499  0.666667  0.596285  0.710047  0.690066  0.759072  0.690066  0.733333  0.666667  0.710047  0.000000  0.000000  0.000000  0.000000  0.000000  0.000000  0.000000  0.000000  0.000000  0.000000  0.000000  0.000000  0.000000  0.000000  0.000000  0.000000  0.000000  0.000000  0.000000  0.000000  0.000000  0.000000  0.000000  0.000000  0.000000  0.000000  0.000000  0.000000  0.000000  0.000000  0.000000  0.000000  0.000000  0.000000  0.000000  0.000000  0.000000  0.000000  0.000000  0.000000  0.000000  0.000000  0.000000  0.000000  0.000000  0.000000  0.000000  0.000000  0.000000  0.000000  0.000000  0.000000  0.000000  0.000000  0.000000  0.000000  0.000000  0.000000  0.000000  0.000000  0.000000  0.000000  0.000000  0.000000  0.000000  0.000000  0.000000  0.000000  0.000000  0.000000  0.000000  0.000000  0.000000  0.000000  0.000000  0.000000  0.000000  0.000000  0.000000  0.000000  0.000000  0.000000  0.000000  0.000000  0.000000  0.000000  0.000000  0.000000  0.000000  0.000000  0.000000  0.000000  0.000000  0.000000  0.000000  0.000000  0.000000  0.000000  0.000000  0.000000
38       0.745356  0.751469  0.572892  0.596285  0.572892  0.670820  0.710047  0.710047  0.666667  0.700649  0.839146  0.800000  0.596285  0.596285  0.670820  0.733333  0.670820  0.716115  0.759072  0.621059  0.866667  1.000000  0.621059  0.670820  0.745356  0.787726  0.733333  0.759072  0.774597  0.774597  0.521749  0.814092  0.733333  0.897085  0.866667  0.733333  0.751469  0.621059  0.572892  0.903696  0.622799  0.733333  0.670820  0.774597  0.759072  0.828079  0.621059  0.733333  0.733333  0.710047  0.000000  0.000000  0.000000  0.000000  0.000000  0.000000  0.000000  0.000000  0.000000  0.000000  0.000000  0.000000  0.000000  0.000000  0.000000  0.000000  0.000000  0.000000  0.000000  0.000000  0.000000  0.000000  0.000000  0.000000  0.000000  0.000000  0.000000  0.000000  0.000000  0.000000  0.000000  0.000000  0.000000  0.000000  0.000000  0.000000  0.000000  0.000000  0.000000  0.000000  0.000000  0.000000  0.000000  0.000000  0.000000  0.000000  0.000000  0.000000  0.000000  0.000000  0.000000  0.000000  0.000000  0.000000  0.000000  0.000000  0.000000  0.000000  0.000000  0.000000  0.000000  0.000000  0.000000  0.000000  0.000000  0.000000  0.000000  0.000000  0.000000  0.000000  0.000000  0.000000  0.000000  0.000000  0.000000  0.000000  0.000000  0.000000  0.000000  0.000000  0.000000  0.000000  0.000000  0.000000  0.000000  0.000000  0.000000  0.000000  0.000000  0.000000  0.000000  0.000000  0.000000  0.000000  0.000000  0.000000  0.000000  0.000000  0.000000  0.000000
39       0.540062  0.777844  0.741249  0.771517  0.667124  0.540062  0.734968  0.668153  0.621059  0.564076  0.601338  0.690066  0.694365  0.771517  0.617213  0.828079  0.617213  0.667124  0.714286  0.785714  0.621059  0.621059  1.000000  0.617213  0.540062  0.518875  0.828079  0.714286  0.734968  0.801784  0.694365  0.713024  0.759072  0.642857  0.690066  0.690066  0.777844  0.857143  0.741249  0.668153  0.402911  0.690066  0.617213  0.868599  0.714286  0.642857  0.785714  0.690066  0.828079  0.801784  0.000000  0.000000  0.000000  0.000000  0.000000  0.000000  0.000000  0.000000  0.000000  0.000000  0.000000  0.000000  0.000000  0.000000  0.000000  0.000000  0.000000  0.000000  0.000000  0.000000  0.000000  0.000000  0.000000  0.000000  0.000000  0.000000  0.000000  0.000000  0.000000  0.000000  0.000000  0.000000  0.000000  0.000000  0.000000  0.000000  0.000000  0.000000  0.000000  0.000000  0.000000  0.000000  0.000000  0.000000  0.000000  0.000000  0.000000  0.000000  0.000000  0.000000  0.000000  0.000000  0.000000  0.000000  0.000000  0.000000  0.000000  0.000000  0.000000  0.000000  0.000000  0.000000  0.000000  0.000000  0.000000  0.000000  0.000000  0.000000  0.000000  0.000000  0.000000  0.000000  0.000000  0.000000  0.000000  0.000000  0.000000  0.000000  0.000000  0.000000  0.000000  0.000000  0.000000  0.000000  0.000000  0.000000  0.000000  0.000000  0.000000  0.000000  0.000000  0.000000  0.000000  0.000000  0.000000  0.000000  0.000000  0.000000  0.000000  0.000000
40       0.833333  0.700140  0.560449  0.500000  0.640513  0.583333  0.649519  0.793857  0.521749  0.609272  0.649519  0.670820  0.500000  0.583333  0.416667  0.745356  0.583333  0.640513  0.694365  0.694365  0.521749  0.670820  0.617213  1.000000  0.583333  0.640513  0.670820  0.617213  0.577350  0.577350  0.666667  0.700140  0.670820  0.771517  0.670820  0.670820  0.700140  0.617213  0.480384  0.793857  0.435194  0.745356  0.666667  0.649519  0.694365  0.694365  0.540062  0.670820  0.670820  0.793857  0.000000  0.000000  0.000000  0.000000  0.000000  0.000000  0.000000  0.000000  0.000000  0.000000  0.000000  0.000000  0.000000  0.000000  0.000000  0.000000  0.000000  0.000000  0.000000  0.000000  0.000000  0.000000  0.000000  0.000000  0.000000  0.000000  0.000000  0.000000  0.000000  0.000000  0.000000  0.000000  0.000000  0.000000  0.000000  0.000000  0.000000  0.000000  0.000000  0.000000  0.000000  0.000000  0.000000  0.000000  0.000000  0.000000  0.000000  0.000000  0.000000  0.000000  0.000000  0.000000  0.000000  0.000000  0.000000  0.000000  0.000000  0.000000  0.000000  0.000000  0.000000  0.000000  0.000000  0.000000  0.000000  0.000000  0.000000  0.000000  0.000000  0.000000  0.000000  0.000000  0.000000  0.000000  0.000000  0.000000  0.000000  0.000000  0.000000  0.000000  0.000000  0.000000  0.000000  0.000000  0.000000  0.000000  0.000000  0.000000  0.000000  0.000000  0.000000  0.000000  0.000000  0.000000  0.000000  0.000000  0.000000  0.000000  0.000000  0.000000
